cam_1.mp4
3,5,5,2
3,5,5,2
cam_1_dawn.mp4
3,5,5,2
3,5,5,2
cam_1_rain.mp4
3,5,5,2
3,5,5,2
cam_2.mp4
3,3,3,4
3,5,5,3
cam_2_rain.mp4
3,3,3,3
3,5,3,3
cam_3.mp4
3,3,3,3
4,4,4,4
cam_3_rain.mp4
3,3,3,3
4,4,4,4
cam_4.mp4
3,3,3,3,3,3,3,3,3,3,3,3
4,4,4,4,4,4,4,4,4,4,4,4
cam_4_dawn.mp4
3,3,3,3,3,3,3,3,3,3,3,3
4,4,4,4,4,4,4,4,4,4,4,4
cam_4_rain.mp4
3,3,3,3,3,3,3,3,3,3,3,3
4,4,4,4,4,4,4,4,4,4,4,4
cam_5.mp4
2,2,2,2,2,2,2,2,2,2,2,2
3,3,3,3,3,3,3,3,3,3,3,3
cam_5_dawn.mp4
2,2,2,2,2,2,2,2,2,2,2,2
3,3,3,3,3,3,3,3,3,3,3,3
cam_5_rain.mp4
2,2,2,2,2,2,2,2,2,2,2,2
3,3,3,3,3,3,3,3,3,3,3,3
cam_6.mp4
2,2,2,2,2,2,2,2,2,2,2,2
3,3,3,3,3,3,3,3,3,3,3,3
cam_6_snow.mp4
2,2,2,2,2,2,2,2,2,2,2,2
3,3,3,3,3,3,3,3,3,3,3,3
cam_7.mp4
2,2,2,2,2,2,2,2,2,2,2,2
3,3,3,3,3,3,3,3,3,3,3,3
cam_7_dawn.mp4
2,2,2,2,2,2,2,2,2,2,2,2
3,3,3,3,3,3,3,3,3,3,3,3
cam_7_rain.mp4
2,2,2,2,2,2,2,2,2,2,2,2
3,3,3,3,3,3,3,3,3,3,3,3
cam_8.mp4
4,4,4,4
5,5,5,5
cam_9.mp4
3,3,3,3,3,3,3,3,3,3,3,3
4,4,4,4,4,4,4,4,4,4,4,4
cam_10.mp4
3,3,3
5,5,5
cam_11.mp4
3,3,3
5,5,5
cam_12.mp4
3,3,3
5,5,5
cam_13.mp4
3,3,3
5,5,5
cam_14.mp4
4,4
5,5
cam_15.mp4
3,3
4,4
cam_16.mp4
4,4
5,5
cam_17.mp4
4,4
5,5
cam_18.mp4
4,4
5,5
cam_19.mp4
3,3
4,4
cam_20.mp4
4,4
5,5
